train_rate:  0.8
ratedim:  10  userdim:  10  itemdim:  10
max_steps:  100
delta:  0.02 beta_e:  0.1 beta_h:  0.1 beta_p:  2 beta_w:  0.1 beta_b 0.01 reg_u 1.0 reg_v 1.0
metapath  ubu_0.8.embedding numbers  41
metapath  ubcabu_0.8.embedding numbers  41
Load user embeddings finished.
[[ 1.         -0.40607992  0.40999291 ... -0.16781965 -0.09229855
  -0.04111923]
 [-0.40607992  1.          0.51585678 ...  0.5054113   0.732849
   0.52213736]
 [ 0.40999291  0.51585678  1.         ...  0.20889981  0.42730094
   0.41260887]
 ...
 [-0.16781965  0.5054113   0.20889981 ...  1.          0.22022293
   0.11398456]
 [-0.09229855  0.732849    0.42730094 ...  0.22022293  1.
   0.6836392 ]
 [-0.04111923  0.52213736  0.41260887 ...  0.11398456  0.6836392
   1.        ]]
metapath  bub_0.8.embedding numbers  97
metapath  bcab_0.8.embedding numbers  87
Load user embeddings finished.
Load rating finished.
train size :  504
test size :  127
MAE:  0.0  RMSE:  0.0
train_rate:  0.8
ratedim:  10  userdim:  10  itemdim:  10
max_steps:  100
delta:  0.02 beta_e:  0.1 beta_h:  0.1 beta_p:  2 beta_w:  0.1 beta_b 0.01 reg_u 1.0 reg_v 1.0
metapath  ubu_0.8.embedding numbers  41
metapath  ubcabu_0.8.embedding numbers  41
Load user embeddings finished.
[[ 1.         -0.40607992  0.40999291 ... -0.16781965 -0.09229855
  -0.04111923]
 [-0.40607992  1.          0.51585678 ...  0.5054113   0.732849
   0.52213736]
 [ 0.40999291  0.51585678  1.         ...  0.20889981  0.42730094
   0.41260887]
 ...
 [-0.16781965  0.5054113   0.20889981 ...  1.          0.22022293
   0.11398456]
 [-0.09229855  0.732849    0.42730094 ...  0.22022293  1.
   0.6836392 ]
 [-0.04111923  0.52213736  0.41260887 ...  0.11398456  0.6836392
   1.        ]]
metapath  bub_0.8.embedding numbers  97
metapath  bcab_0.8.embedding numbers  87
Load user embeddings finished.
Load rating finished.
train size :  504
test size :  127
MAE:  0.0  RMSE:  0.0
train_rate:  0.8
ratedim:  10  userdim:  10  itemdim:  10
max_steps:  100
delta:  0.02 beta_e:  0.1 beta_h:  0.1 beta_p:  2 beta_w:  0.1 beta_b 0.01 reg_u 1.0 reg_v 1.0
metapath  ubu_0.8.embedding numbers  41
metapath  ubcabu_0.8.embedding numbers  41
Load user embeddings finished.
[[ 1.00000000e+00 -4.06079920e-01  4.09992914e-01  2.75504727e-01
  -3.96484234e-02 -2.64643244e-03 -7.16479502e-02  1.83819729e-01
   2.96786549e-01  1.31671463e-01  2.01292618e-01 -1.23128386e-01
   1.36883104e-01 -6.30576220e-01 -1.21947236e-01  1.72207526e-01
  -1.71971256e-01 -2.83341810e-01 -1.61536303e-02  5.59686923e-01
   2.72824853e-02  4.43999238e-02  4.89357805e-01 -2.66655668e-01
   1.95314832e-01 -2.49098384e-01 -1.83745376e-01 -2.99513502e-01
   4.58221651e-01  2.44263055e-01  9.87703653e-02  1.02446960e-01
   2.24516568e-01 -2.42699570e-01  2.95335226e-01  2.42986962e-01
  -1.19338349e-01 -1.35654102e-01 -1.67819646e-01 -9.22985459e-02
  -4.11192267e-02]
 [-4.06079920e-01  1.00000000e+00  5.15856778e-01 -1.83505138e-01
   4.71492641e-01  6.99624324e-01  4.66290859e-01  4.38507390e-01
   5.30226463e-01  2.16473368e-01  4.04781006e-01  5.01265344e-01
   5.80179332e-01  6.11854723e-01  3.64146763e-01  2.08777109e-01
   3.50404247e-01  5.71963814e-01  4.74894473e-01  2.64396044e-01
   2.37836935e-01  2.03376779e-02  2.42340578e-01  3.98824640e-01
   2.05688837e-02  7.44842387e-01  2.56001226e-01  5.50349876e-01
   3.64062694e-01  1.64489049e-01 -4.97551068e-01  6.33143934e-01
   3.92657703e-01  4.62556830e-01  1.44280786e-01  2.05126790e-01
   3.54657546e-01 -1.12348762e-01  5.05411302e-01  7.32848998e-01
   5.22137365e-01]
 [ 4.09992914e-01  5.15856778e-01  1.00000000e+00  2.19468886e-01
   1.42182566e-01  4.65213236e-01  3.02890368e-01  5.54598384e-01
   7.04775277e-01  3.98530017e-01  3.74932648e-01  4.60066784e-03
   6.39547204e-01  1.32219511e-01  2.85530141e-01  5.41238474e-01
   2.32678359e-01  3.75033217e-01  2.37134179e-01  5.54549479e-01
   3.01498313e-01  1.21428642e-01  8.06035470e-01  3.73673132e-01
   2.33372346e-01  3.93011839e-01 -4.95664126e-02  2.69584249e-01
   6.48071117e-01  5.17487131e-01 -4.79009982e-01  6.84131768e-01
   5.11394296e-01  3.10990848e-01  1.07892362e-01  3.68674019e-01
   2.21353122e-01 -4.71080606e-01  2.08899811e-01  4.27300943e-01
   4.12608873e-01]
 [ 2.75504727e-01 -1.83505138e-01  2.19468886e-01  1.00000000e+00
  -1.53896737e-01 -3.73295869e-02  1.78803481e-01 -1.78361576e-01
   4.48095376e-01 -5.07363735e-02 -3.90145946e-02 -1.97267360e-01
   2.50449107e-01 -2.20140442e-01  3.51496705e-01  9.64075767e-03
   2.74869384e-02  4.77740395e-01  2.56363918e-01 -1.85943659e-03
   6.14964858e-01 -3.69300579e-04 -2.54139219e-02 -4.51944653e-01
   2.84138772e-01 -1.31836399e-02  2.65867841e-01  2.34198231e-01
   1.16688740e-01  6.55683715e-01  4.56985345e-01 -6.33128267e-02
   1.56437157e-01 -3.94276539e-01  8.02131451e-02  3.44758857e-02
   3.04580464e-01 -2.31961868e-01  3.14852196e-01 -6.54647125e-02
   1.97727567e-01]
 [-3.96484234e-02  4.71492641e-01  1.42182566e-01 -1.53896737e-01
   1.00000000e+00  3.31026206e-01 -7.92891665e-03 -2.50349042e-01
   5.15620354e-01  5.15928258e-01  2.52999265e-01  7.71376908e-01
   1.96858160e-01  1.84355527e-01  5.43724075e-01 -3.46038211e-01
  -2.94586412e-01  1.49426301e-01  2.65973148e-01  2.16658774e-01
  -1.12630908e-01 -1.38580913e-01  2.61544746e-01 -2.41971218e-01
   4.64932436e-02  3.70642686e-01  1.84307319e-01  4.83821298e-02
   4.67465201e-01  1.61648909e-01  1.47539096e-01  6.23832206e-01
   4.83154306e-01  1.00617453e-01  6.50450511e-01  1.59100073e-01
   2.26475025e-01 -9.71224090e-02  6.19800969e-01  3.68629653e-01
  -1.75376665e-03]
 [-2.64643244e-03  6.99624324e-01  4.65213236e-01 -3.73295869e-02
   3.31026206e-01  1.00000000e+00  3.47174579e-01  3.70339747e-01
   5.10266538e-01  1.82299659e-01  2.80964443e-01  4.39145674e-01
   4.90917565e-01  9.56979168e-03 -1.11272794e-01  2.60270500e-02
   8.43977426e-02  6.47316118e-01  2.34709589e-01  6.70609914e-01
   2.89007801e-01 -2.68004682e-01  3.46622765e-01 -7.16008776e-03
  -9.98977466e-02  5.62624494e-01  3.61860716e-01  3.79400527e-01
   4.26656245e-01  2.00572549e-01 -1.79252570e-01  5.02372531e-01
  -4.85679495e-02  5.05200436e-01  6.95464562e-03  5.77482950e-01
   4.80267017e-01  1.02008239e-01  2.71382673e-01  7.52647149e-01
   8.02057757e-01]
 [-7.16479502e-02  4.66290859e-01  3.02890368e-01  1.78803481e-01
  -7.92891665e-03  3.47174579e-01  1.00000000e+00  5.85767675e-01
   1.47509455e-01 -1.21020383e-01  4.86398022e-01  3.76565643e-01
   6.27404437e-01 -7.88174256e-02  7.72227051e-02  6.34678616e-01
   4.13293161e-01  4.52381742e-01  5.97396507e-01  1.83042888e-01
   1.32695152e-01 -1.99959230e-01 -5.40288967e-02  3.12983765e-01
   3.38607513e-01  6.13048126e-01 -7.68834929e-02  5.03732052e-01
   4.69696546e-01  5.99133438e-02 -2.49981494e-02  1.74627286e-01
   3.68532832e-01  2.26043844e-01  2.26254499e-01  1.70521109e-01
   4.30976292e-01  4.23525864e-01  8.13855068e-02  2.86006008e-01
   4.50373328e-01]
 [ 1.83819729e-01  4.38507390e-01  5.54598384e-01 -1.78361576e-01
  -2.50349042e-01  3.70339747e-01  5.85767675e-01  1.00000000e+00
   1.52897602e-01 -1.28456717e-01  2.93322258e-01 -5.60463948e-02
   6.13267896e-01  6.51145249e-02 -1.68273697e-01  6.66507028e-01
   6.84847905e-01  8.40137574e-02  2.46898641e-01  3.19823697e-01
   2.65072413e-01  1.52701510e-02  1.98339077e-01  6.87051414e-01
   3.73774297e-01  3.37359118e-01 -3.27897270e-01  3.47744936e-01
   3.53249016e-01  1.09833850e-02 -6.03511428e-01  1.09834666e-01
   3.56066223e-01  1.94211062e-01 -7.94243230e-02 -6.90359933e-02
   2.35144127e-01 -4.16893914e-03 -2.27371165e-01  3.48439468e-01
   2.50641273e-01]
 [ 2.96786549e-01  5.30226463e-01  7.04775277e-01  4.48095376e-01
   5.15620354e-01  5.10266538e-01  1.47509455e-01  1.52897602e-01
   1.00000000e+00  2.28519290e-01  3.78982814e-01  2.44683452e-01
   5.41629523e-01  1.97414271e-01  5.96238498e-01  7.21587157e-02
  -9.92429357e-03  4.76310901e-01  4.79817263e-01  3.78556881e-01
   5.49101028e-01  2.65444901e-02  5.12268916e-01 -1.99771220e-01
   3.15437910e-01  2.80810338e-01  4.27773550e-01  2.30099821e-01
   4.28742728e-01  5.85945309e-01 -9.86818422e-02  6.94093332e-01
   5.69201456e-01  6.58638429e-02  5.14358516e-01  2.00436313e-01
   3.34706142e-01 -5.79963353e-01  7.73639464e-01  4.12355840e-01
   3.07766162e-01]
 [ 1.31671463e-01  2.16473368e-01  3.98530017e-01 -5.07363735e-02
   5.15928258e-01  1.82299659e-01 -1.21020383e-01 -1.28456717e-01
   2.28519290e-01  1.00000000e+00  8.33561991e-02  1.89755426e-01
  -1.87520909e-02  2.07132666e-02  4.04040400e-01 -2.13864142e-01
   1.48847024e-02  5.39070791e-02 -8.49114147e-02  4.44735268e-01
  -4.80483321e-02  1.31160661e-01  5.78704355e-01  1.48756363e-01
  -1.22003165e-01  2.10002065e-01 -4.25618586e-01  3.29071778e-01
   5.81750041e-01  1.83818139e-01  6.96876206e-02  3.46664323e-01
   2.24426026e-01  1.22617164e-01 -4.65893854e-02  2.54548924e-01
   2.82257004e-01 -9.89554112e-02 -2.74163016e-02  2.96808095e-01
   1.68144553e-01]
 [ 2.01292618e-01  4.04781006e-01  3.74932648e-01 -3.90145946e-02
   2.52999265e-01  2.80964443e-01  4.86398022e-01  2.93322258e-01
   3.78982814e-01  8.33561991e-02  1.00000000e+00  3.19645022e-01
   9.85320965e-02  1.17938368e-01  3.45099561e-01  3.48121980e-01
   1.20841205e-01 -5.27307643e-02  8.44697711e-01  5.12116057e-01
  -2.61311490e-02  4.18986017e-01  2.71462289e-01  1.93802367e-02
  -1.21746764e-01  2.62855025e-01  1.56956460e-01  3.52443183e-01
   3.21663477e-01 -2.92736063e-01 -2.05108822e-01  3.80761162e-01
   3.58122009e-01  1.98278924e-01  5.17421210e-01  3.29186475e-01
  -1.23097812e-01  1.94057716e-01  3.72696528e-01  2.95836220e-01
   4.26997276e-01]
 [-1.23128386e-01  5.01265344e-01  4.60066784e-03 -1.97267360e-01
   7.71376908e-01  4.39145674e-01  3.76565643e-01 -5.60463948e-02
   2.44683452e-01  1.89755426e-01  3.19645022e-01  1.00000000e+00
   4.07043217e-01  7.45279567e-02  1.72952599e-01 -1.42017094e-01
  -1.87112614e-01  3.01874013e-01  3.61283115e-01  2.82496489e-01
  -3.04670329e-01 -2.12742305e-01 -3.40325948e-02 -2.06115384e-01
  -1.34826094e-01  7.14715125e-01  2.81300195e-01  8.47254128e-02
   5.57551194e-01  1.15728425e-01  7.75712556e-02  4.74712395e-01
   3.52677938e-01  1.10537981e-01  5.43819843e-01  3.67200550e-01
   1.08376237e-01  4.06254111e-01  3.99941504e-01  5.53352575e-01
   2.42086646e-01]
 [ 1.36883104e-01  5.80179332e-01  6.39547204e-01  2.50449107e-01
   1.96858160e-01  4.90917565e-01  6.27404437e-01  6.13267896e-01
   5.41629523e-01 -1.87520909e-02  9.85320965e-02  4.07043217e-01
   1.00000000e+00  9.73328835e-02  1.21563362e-01  4.89698181e-01
   3.21787411e-01  6.20168323e-01  2.56233383e-01  2.31856477e-01
   2.94883606e-01 -2.73804090e-01  2.28588621e-01  2.81717694e-01
   4.43006598e-01  7.25024414e-01  9.43763040e-02  2.32284861e-01
   6.57978564e-01  6.71791160e-01 -3.13148071e-01  4.97534704e-01
   6.05158637e-01  9.76163130e-02  2.22335606e-01  1.63838057e-01
   3.90767323e-01 -1.47602456e-01  2.44650508e-01  5.25279077e-01
   2.95720489e-01]
 [-6.30576220e-01  6.11854723e-01  1.32219511e-01 -2.20140442e-01
   1.84355527e-01  9.56979168e-03 -7.88174256e-02  6.51145249e-02
   1.97414271e-01  2.07132666e-02  1.17938368e-01  7.45279567e-02
   9.73328835e-02  1.00000000e+00  4.98087855e-01 -5.64037165e-02
   3.74339253e-01  1.25864252e-01  2.78582542e-01 -2.82818695e-01
   1.55579131e-01  5.13225504e-01 -1.12262883e-01  3.85338410e-01
  -2.09615507e-01  3.36271740e-01  2.50511581e-01  3.41922547e-01
  -2.10268187e-01  3.89283025e-02 -6.30345131e-01  2.25576751e-01
   2.92816830e-01  1.74323473e-02 -7.89318459e-02 -2.78175199e-01
  -2.08005215e-01 -3.71792366e-01  4.29040881e-01  3.74745191e-01
  -2.88111712e-03]
 [-1.21947236e-01  3.64146763e-01  2.85530141e-01  3.51496705e-01
   5.43724075e-01 -1.11272794e-01  7.72227051e-02 -1.68273697e-01
   5.96238498e-01  4.04040400e-01  3.45099561e-01  1.72952599e-01
   1.21563362e-01  4.98087855e-01  1.00000000e+00 -1.15784112e-01
   1.78316165e-01  1.21620549e-01  5.68893022e-01 -1.16683396e-01
   3.82383625e-01  3.68034718e-01  1.21460729e-01 -4.04665010e-02
   2.57234921e-01  1.46958760e-01  6.40131883e-02  4.33836535e-01
   1.86196344e-01  2.76293388e-01  6.47866635e-02  3.30273432e-01
   6.89637391e-01 -2.47034158e-01  4.74187474e-01 -2.87834659e-01
   1.97971290e-01 -4.48952458e-01  7.02609455e-01  1.15013117e-01
  -1.07236976e-01]
 [ 1.72207526e-01  2.08777109e-01  5.41238474e-01  9.64075767e-03
  -3.46038211e-01  2.60270500e-02  6.34678616e-01  6.66507028e-01
   7.21587157e-02 -2.13864142e-01  3.48121980e-01 -1.42017094e-01
   4.89698181e-01 -5.64037165e-02 -1.15784112e-01  1.00000000e+00
   2.04347953e-01  1.23346775e-01  1.96614303e-01  4.04192411e-02
  -1.04578930e-01 -1.12173929e-01  3.62142762e-01  5.96742642e-01
   3.92723922e-01  2.11071693e-01 -2.16777164e-01 -5.34257362e-03
   2.71999062e-01  3.05201523e-02 -4.03262455e-01  3.19588781e-01
   3.08159040e-01  4.36438243e-01  9.25335770e-02  1.56254053e-01
   2.61802247e-02 -5.18422294e-02 -1.38061057e-01 -1.25284133e-01
   1.22578838e-01]
 [-1.71971256e-01  3.50404247e-01  2.32678359e-01  2.74869384e-02
  -2.94586412e-01  8.43977426e-02  4.13293161e-01  6.84847905e-01
  -9.92429357e-03  1.48847024e-02  1.20841205e-01 -1.87112614e-01
   3.21787411e-01  3.74339253e-01  1.78316165e-01  2.04347953e-01
   1.00000000e+00  5.24854028e-02  3.34702769e-01  5.45366229e-02
   5.35192179e-01  4.02143070e-01 -2.45378759e-01  5.99257210e-01
   1.85684556e-01  2.92138725e-01 -3.97358599e-01  7.55775911e-01
   1.04731298e-01  1.91149565e-02 -4.28120370e-01 -3.34078210e-01
   3.12557876e-01 -2.82328904e-01 -3.47935980e-01 -4.47855049e-01
   2.51368813e-01  3.57318732e-02 -2.04234681e-01  3.90256225e-01
   1.67707354e-01]
 [-2.83341810e-01  5.71963814e-01  3.75033217e-01  4.77740395e-01
   1.49426301e-01  6.47316118e-01  4.52381742e-01  8.40137574e-02
   4.76310901e-01  5.39070791e-02 -5.27307643e-02  3.01874013e-01
   6.20168323e-01  1.25864252e-01  1.21620549e-01  1.23346775e-01
   5.24854028e-02  1.00000000e+00  1.69621532e-01  1.44053483e-01
   4.14585485e-01 -3.72795403e-01  1.12239077e-01 -5.68764975e-02
   8.17351678e-02  6.36334655e-01  4.64972822e-01  3.98687685e-01
   3.01123138e-01  6.19734882e-01  6.45774681e-02  4.14496979e-01
   2.27674433e-02  3.28633537e-01 -9.60301384e-02  4.20973700e-01
   5.70708905e-01 -4.58251597e-02  3.98913537e-01  4.96279779e-01
   6.58149493e-01]
 [-1.61536303e-02  4.74894473e-01  2.37134179e-01  2.56363918e-01
   2.65973148e-01  2.34709589e-01  5.97396507e-01  2.46898641e-01
   4.79817263e-01 -8.49114147e-02  8.44697711e-01  3.61283115e-01
   2.56233383e-01  2.78582542e-01  5.68893022e-01  1.96614303e-01
   3.34702769e-01  1.69621532e-01  1.00000000e+00  2.43873688e-01
   3.24865966e-01  3.92785612e-01 -9.43821115e-02 -9.04463265e-02
   7.04332574e-02  3.62086556e-01  2.96629172e-01  5.68354664e-01
   2.15219433e-01 -6.87178780e-02 -5.94694092e-02  2.07392399e-01
   4.99136220e-01 -1.04762240e-01  5.41872490e-01  2.56429921e-02
   8.30168955e-02  1.36017617e-01  5.89853457e-01  3.52814208e-01
   3.69845148e-01]
 [ 5.59686923e-01  2.64396044e-01  5.54549479e-01 -1.85943659e-03
   2.16658774e-01  6.70609914e-01  1.83042888e-01  3.19823697e-01
   3.78556881e-01  4.44735268e-01  5.12116057e-01  2.82496489e-01
   2.31856477e-01 -2.82818695e-01 -1.16683396e-01  4.04192411e-02
   5.45366229e-02  1.44053483e-01  2.43873688e-01  1.00000000e+00
   5.34898840e-02  1.65239781e-01  5.59464130e-01 -9.20984407e-02
  -3.06720213e-01  3.37126205e-01  1.42620032e-02  2.74393877e-01
   6.55292480e-01  1.00782804e-01 -1.53454227e-01  3.43533061e-01
   3.15170243e-02  1.86325301e-01  4.65554278e-02  6.84958850e-01
   8.21474315e-02  2.13570721e-01 -5.91328952e-02  6.23549798e-01
   6.85907590e-01]
 [ 2.72824853e-02  2.37836935e-01  3.01498313e-01  6.14964858e-01
  -1.12630908e-01  2.89007801e-01  1.32695152e-01  2.65072413e-01
   5.49101028e-01 -4.80483321e-02 -2.61311490e-02 -3.04670329e-01
   2.94883606e-01  1.55579131e-01  3.82383625e-01 -1.04578930e-01
   5.35192179e-01  4.14585485e-01  3.24865966e-01  5.34898840e-02
   1.00000000e+00  9.42094451e-02 -8.03140542e-02 -6.69565063e-02
   4.05350860e-01 -1.95882364e-02  1.51556086e-01  5.85419133e-01
  -5.82584821e-02  4.14659572e-01  5.27617461e-02 -1.28092525e-01
   1.91619559e-01 -2.93063017e-01 -1.02356203e-01 -3.29939980e-01
   5.60922236e-01 -4.19206194e-01  3.42757563e-01  2.35764754e-01
   2.51123598e-01]
 [ 4.43999238e-02  2.03376779e-02  1.21428642e-01 -3.69300579e-04
  -1.38580913e-01 -2.68004682e-01 -1.99959230e-01  1.52701510e-02
   2.65444901e-02  1.31160661e-01  4.18986017e-01 -2.12742305e-01
  -2.73804090e-01  5.13225504e-01  3.68034718e-01 -1.12173929e-01
   4.02143070e-01 -3.72795403e-01  3.92785612e-01  1.65239781e-01
   9.42094451e-02  1.00000000e+00 -4.19569560e-02  9.93032721e-02
  -4.83161078e-01 -1.61878459e-02 -1.27014962e-02  3.38927706e-01
  -9.18767438e-02 -1.37836215e-01 -4.45531188e-01 -1.73803720e-01
   1.73071176e-01 -4.22725463e-01 -1.22856740e-01 -1.31777309e-01
  -5.77902275e-01 -1.02023022e-01  3.16530153e-02  2.31848976e-01
   4.91538148e-02]
 [ 4.89357805e-01  2.42340578e-01  8.06035470e-01 -2.54139219e-02
   2.61544746e-01  3.46622765e-01 -5.40288967e-02  1.98339077e-01
   5.12268916e-01  5.78704355e-01  2.71462289e-01 -3.40325948e-02
   2.28588621e-01 -1.12262883e-01  1.21460729e-01  3.62142762e-01
  -2.45378759e-01  1.12239077e-01 -9.43821115e-02  5.59464130e-01
  -8.03140542e-02 -4.19569560e-02  1.00000000e+00  2.09250082e-01
   7.71162743e-02  6.62393925e-02 -1.25568196e-01 -1.05721143e-01
   5.35024580e-01  2.58538886e-01 -2.61148092e-01  7.37972183e-01
   2.21581397e-01  5.26205074e-01  1.36763452e-01  5.30515824e-01
   9.61157400e-02 -4.39193064e-01  8.40071044e-02  1.28926083e-01
   2.43900966e-01]
 [-2.66655668e-01  3.98824640e-01  3.73673132e-01 -4.51944653e-01
  -2.41971218e-01 -7.16008776e-03  3.12983765e-01  6.87051414e-01
  -1.99771220e-01  1.48756363e-01  1.93802367e-02 -2.06115384e-01
   2.81717694e-01  3.85338410e-01 -4.04665010e-02  5.96742642e-01
   5.99257210e-01 -5.68764975e-02 -9.04463265e-02 -9.20984407e-02
  -6.69565063e-02  9.93032721e-02  2.09250082e-01  1.00000000e+00
   2.05190438e-01  2.50540672e-01 -5.87686050e-01  2.82967085e-01
   1.35047186e-01 -1.47742302e-01 -6.69878665e-01  9.10176832e-02
   2.39843333e-01  3.55140419e-01 -3.56482655e-01 -2.21136186e-01
   9.63084985e-02 -1.03491425e-01 -3.77718667e-01  1.01608291e-01
  -3.43832543e-02]
 [ 1.95314832e-01  2.05688837e-02  2.33372346e-01  2.84138772e-01
   4.64932436e-02 -9.98977466e-02  3.38607513e-01  3.73774297e-01
   3.15437910e-01 -1.22003165e-01 -1.21746764e-01 -1.34826094e-01
   4.43006598e-01 -2.09615507e-01  2.57234921e-01  3.92723922e-01
   1.85684556e-01  8.17351678e-02  7.04332574e-02 -3.06720213e-01
   4.05350860e-01 -4.83161078e-01  7.71162743e-02  2.05190438e-01
   1.00000000e+00 -1.53961831e-01 -3.05377879e-01 -1.23123067e-02
   1.36932343e-01  2.56336119e-01  1.95979239e-01  8.87660395e-02
   5.31144259e-01 -4.91422309e-02  3.78149575e-01 -4.94933252e-01
   5.87873651e-01 -3.90093587e-01  1.65208483e-01 -3.54982932e-01
  -3.86698477e-01]
 [-2.49098384e-01  7.44842387e-01  3.93011839e-01 -1.31836399e-02
   3.70642686e-01  5.62624494e-01  6.13048126e-01  3.37359118e-01
   2.80810338e-01  2.10002065e-01  2.62855025e-01  7.14715125e-01
   7.25024414e-01  3.36271740e-01  1.46958760e-01  2.11071693e-01
   2.92138725e-01  6.36334655e-01  3.62086556e-01  3.37126205e-01
  -1.95882364e-02 -1.61878459e-02  6.62393925e-02  2.50540672e-01
  -1.53961831e-01  1.00000000e+00  1.79580774e-01  4.59538790e-01
   6.48486750e-01  3.97656848e-01 -3.27015981e-01  4.62586616e-01
   3.75372239e-01  1.90610278e-01  6.37840990e-02  4.11440691e-01
   1.96857055e-01  2.78739576e-01  2.15780484e-01  8.04735514e-01
   5.58161370e-01]
 [-1.83745376e-01  2.56001226e-01 -4.95664126e-02  2.65867841e-01
   1.84307319e-01  3.61860716e-01 -7.68834929e-02 -3.27897270e-01
   4.27773550e-01 -4.25618586e-01  1.56956460e-01  2.81300195e-01
   9.43763040e-02  2.50511581e-01  6.40131883e-02 -2.16777164e-01
  -3.97358599e-01  4.64972822e-01  2.96629172e-01  1.42620032e-02
   1.51556086e-01 -1.27014962e-02 -1.25568196e-01 -5.87686050e-01
  -3.05377879e-01  1.79580774e-01  1.00000000e+00 -1.30538944e-01
  -2.42777432e-01  2.22717673e-01  7.80907006e-03  3.18671630e-01
  -1.66207742e-01  9.75454387e-02  2.54485154e-01  3.51468741e-01
  -1.76804031e-01 -1.20903742e-01  6.84910260e-01  2.63019660e-01
   3.52174617e-01]
 [-2.99513502e-01  5.50349876e-01  2.69584249e-01  2.34198231e-01
   4.83821298e-02  3.79400527e-01  5.03732052e-01  3.47744936e-01
   2.30099821e-01  3.29071778e-01  3.52443183e-01  8.47254128e-02
   2.32284861e-01  3.41922547e-01  4.33836535e-01 -5.34257362e-03
   7.55775911e-01  3.98687685e-01  5.68354664e-01  2.74393877e-01
   5.85419133e-01  3.38927706e-01 -1.05721143e-01  2.82967085e-01
  -1.23123067e-02  4.59538790e-01 -1.30538944e-01  1.00000000e+00
   2.41327688e-01  6.02276194e-02 -8.82357751e-02 -8.50049042e-02
   2.06854043e-01 -6.61014317e-02 -2.16397904e-01 -6.93548642e-02
   4.96441491e-01  1.68251588e-01  1.32620607e-01  5.62178152e-01
   5.65060449e-01]
 [ 4.58221651e-01  3.64062694e-01  6.48071117e-01  1.16688740e-01
   4.67465201e-01  4.26656245e-01  4.69696546e-01  3.53249016e-01
   4.28742728e-01  5.81750041e-01  3.21663477e-01  5.57551194e-01
   6.57978564e-01 -2.10268187e-01  1.86196344e-01  2.71999062e-01
   1.04731298e-01  3.01123138e-01  2.15219433e-01  6.55292480e-01
  -5.82584821e-02 -9.18767438e-02  5.35024580e-01  1.35047186e-01
   1.36932343e-01  6.48486750e-01 -2.42777432e-01  2.41327688e-01
   1.00000000e+00  4.74595573e-01 -6.78016791e-02  5.31990992e-01
   5.65713355e-01  7.76036112e-02  2.97419474e-01  4.66388138e-01
   2.84798443e-01  1.21768702e-01  2.68115736e-02  5.31695461e-01
   3.46258536e-01]
 [ 2.44263055e-01  1.64489049e-01  5.17487131e-01  6.55683715e-01
   1.61648909e-01  2.00572549e-01  5.99133438e-02  1.09833850e-02
   5.85945309e-01  1.83818139e-01 -2.92736063e-01  1.15728425e-01
   6.71791160e-01  3.89283025e-02  2.76293388e-01  3.05201523e-02
   1.91149565e-02  6.19734882e-01 -6.87178780e-02  1.00782804e-01
   4.14659572e-01 -1.37836215e-01  2.58538886e-01 -1.47742302e-01
   2.56336119e-01  3.97656848e-01  2.22717673e-01  6.02276194e-02
   4.74595573e-01  1.00000000e+00  8.59498487e-03  3.52658317e-01
   3.99873457e-01 -2.33969767e-01  3.46759031e-02  1.53650053e-01
   2.63940617e-01 -4.54305927e-01  2.92827015e-01  3.18805110e-01
   1.35588281e-01]
 [ 9.87703653e-02 -4.97551068e-01 -4.79009982e-01  4.56985345e-01
   1.47539096e-01 -1.79252570e-01 -2.49981494e-02 -6.03511428e-01
  -9.86818422e-02  6.96876206e-02 -2.05108822e-01  7.75712556e-02
  -3.13148071e-01 -6.30345131e-01  6.47866635e-02 -4.03262455e-01
  -4.28120370e-01  6.45774681e-02 -5.94694092e-02 -1.53454227e-01
   5.27617461e-02 -4.45531188e-01 -2.61148092e-01 -6.69878665e-01
   1.95979239e-01 -3.27015981e-01  7.80907006e-03 -8.82357751e-02
  -6.78016791e-02  8.59498487e-03  1.00000000e+00 -2.92717812e-01
  -2.28197998e-01 -2.23761314e-01  2.18709399e-01 -1.42098995e-02
   3.85052752e-01  2.84850824e-01  6.72122317e-02 -4.27677696e-01
  -1.16669810e-01]
 [ 1.02446960e-01  6.33143934e-01  6.84131768e-01 -6.33128267e-02
   6.23832206e-01  5.02372531e-01  1.74627286e-01  1.09834666e-01
   6.94093332e-01  3.46664323e-01  3.80761162e-01  4.74712395e-01
   4.97534704e-01  2.25576751e-01  3.30273432e-01  3.19588781e-01
  -3.34078210e-01  4.14496979e-01  2.07392399e-01  3.43533061e-01
  -1.28092525e-01 -1.73803720e-01  7.37972183e-01  9.10176832e-02
   8.87660395e-02  4.62586616e-01  3.18671630e-01 -8.50049042e-02
   5.31990992e-01  3.52658317e-01 -2.92717812e-01  1.00000000e+00
   4.39107322e-01  5.84657978e-01  4.85569756e-01  5.29761950e-01
   1.14531523e-01 -3.76536982e-01  5.71511842e-01  3.50447463e-01
   2.78757243e-01]
 [ 2.24516568e-01  3.92657703e-01  5.11394296e-01  1.56437157e-01
   4.83154306e-01 -4.85679495e-02  3.68532832e-01  3.56066223e-01
   5.69201456e-01  2.24426026e-01  3.58122009e-01  3.52677938e-01
   6.05158637e-01  2.92816830e-01  6.89637391e-01  3.08159040e-01
   3.12557876e-01  2.27674433e-02  4.99136220e-01  3.15170243e-02
   1.91619559e-01  1.73071176e-01  2.21581397e-01  2.39843333e-01
   5.31144259e-01  3.75372239e-01 -1.66207742e-01  2.06854043e-01
   5.65713355e-01  3.99873457e-01 -2.28197998e-01  4.39107322e-01
   1.00000000e+00 -2.55536488e-01  6.26918776e-01 -2.69134112e-01
   1.31276895e-01 -3.56699164e-01  4.41148759e-01  2.11253753e-01
  -2.29578195e-01]
 [-2.42699570e-01  4.62556830e-01  3.10990848e-01 -3.94276539e-01
   1.00617453e-01  5.05200436e-01  2.26043844e-01  1.94211062e-01
   6.58638429e-02  1.22617164e-01  1.98278924e-01  1.10537981e-01
   9.76163130e-02  1.74323473e-02 -2.47034158e-01  4.36438243e-01
  -2.82328904e-01  3.28633537e-01 -1.04762240e-01  1.86325301e-01
  -2.93063017e-01 -4.22725463e-01  5.26205074e-01  3.55140419e-01
  -4.91422309e-02  1.90610278e-01  9.75454387e-02 -6.61014317e-02
   7.76036112e-02 -2.33969767e-01 -2.23761314e-01  5.84657978e-01
  -2.55536488e-01  1.00000000e+00 -5.53169303e-02  5.36805347e-01
   2.23260999e-01  2.15236881e-02  4.29361413e-02  6.29726500e-02
   4.10076315e-01]
 [ 2.95335226e-01  1.44280786e-01  1.07892362e-01  8.02131451e-02
   6.50450511e-01  6.95464562e-03  2.26254499e-01 -7.94243230e-02
   5.14358516e-01 -4.65893854e-02  5.17421210e-01  5.43819843e-01
   2.22335606e-01 -7.89318459e-02  4.74187474e-01  9.25335770e-02
  -3.47935980e-01 -9.60301384e-02  5.41872490e-01  4.65554278e-02
  -1.02356203e-01 -1.22856740e-01  1.36763452e-01 -3.56482655e-01
   3.78149575e-01  6.37840990e-02  2.54485154e-01 -2.16397904e-01
   2.97419474e-01  3.46759031e-02  2.18709399e-01  4.85569756e-01
   6.26918776e-01 -5.53169303e-02  1.00000000e+00  2.56446990e-03
   6.54151813e-03 -1.07608810e-01  6.57155265e-01 -7.63788843e-02
  -2.24561714e-01]
 [ 2.42986962e-01  2.05126790e-01  3.68674019e-01  3.44758857e-02
   1.59100073e-01  5.77482950e-01  1.70521109e-01 -6.90359933e-02
   2.00436313e-01  2.54548924e-01  3.29186475e-01  3.67200550e-01
   1.63838057e-01 -2.78175199e-01 -2.87834659e-01  1.56254053e-01
  -4.47855049e-01  4.20973700e-01  2.56429921e-02  6.84958850e-01
  -3.29939980e-01 -1.31777309e-01  5.30515824e-01 -2.21136186e-01
  -4.94933252e-01  4.11440691e-01  3.51468741e-01 -6.93548642e-02
   4.66388138e-01  1.53650053e-01 -1.42098995e-02  5.29761950e-01
  -2.69134112e-01  5.36805347e-01  2.56446990e-03  1.00000000e+00
  -7.06813398e-02  2.94640171e-01  2.55216381e-02  3.95390433e-01
   7.17316669e-01]
 [-1.19338349e-01  3.54657546e-01  2.21353122e-01  3.04580464e-01
   2.26475025e-01  4.80267017e-01  4.30976292e-01  2.35144127e-01
   3.34706142e-01  2.82257004e-01 -1.23097812e-01  1.08376237e-01
   3.90767323e-01 -2.08005215e-01  1.97971290e-01  2.61802247e-02
   2.51368813e-01  5.70708905e-01  8.30168955e-02  8.21474315e-02
   5.60922236e-01 -5.77902275e-01  9.61157400e-02  9.63084985e-02
   5.87873651e-01  1.96857055e-01 -1.76804031e-01  4.96441491e-01
   2.84798443e-01  2.63940617e-01  3.85052752e-01  1.14531523e-01
   1.31276895e-01  2.23260999e-01  6.54151813e-03 -7.06813398e-02
   1.00000000e+00 -3.54197288e-02  1.58533814e-01  1.50611026e-01
   2.82198262e-01]
 [-1.35654102e-01 -1.12348762e-01 -4.71080606e-01 -2.31961868e-01
  -9.71224090e-02  1.02008239e-01  4.23525864e-01 -4.16893914e-03
  -5.79963353e-01 -9.89554112e-02  1.94057716e-01  4.06254111e-01
  -1.47602456e-01 -3.71792366e-01 -4.48952458e-01 -5.18422294e-02
   3.57318732e-02 -4.58251597e-02  1.36017617e-01  2.13570721e-01
  -4.19206194e-01 -1.02023022e-01 -4.39193064e-01 -1.03491425e-01
  -3.90093587e-01  2.78739576e-01 -1.20903742e-01  1.68251588e-01
   1.21768702e-01 -4.54305927e-01  2.84850824e-01 -3.76536982e-01
  -3.56699164e-01  2.15236881e-02 -1.07608810e-01  2.94640171e-01
  -3.54197288e-02  1.00000000e+00 -4.19060764e-01  1.48697817e-01
   3.20711061e-01]
 [-1.67819646e-01  5.05411302e-01  2.08899811e-01  3.14852196e-01
   6.19800969e-01  2.71382673e-01  8.13855068e-02 -2.27371165e-01
   7.73639464e-01 -2.74163016e-02  3.72696528e-01  3.99941504e-01
   2.44650508e-01  4.29040881e-01  7.02609455e-01 -1.38061057e-01
  -2.04234681e-01  3.98913537e-01  5.89853457e-01 -5.91328952e-02
   3.42757563e-01  3.16530153e-02  8.40071044e-02 -3.77718667e-01
   1.65208483e-01  2.15780484e-01  6.84910260e-01  1.32620607e-01
   2.68115736e-02  2.92827015e-01  6.72122317e-02  5.71511842e-01
   4.41148759e-01  4.29361413e-02  6.57155265e-01  2.55216381e-02
   1.58533814e-01 -4.19060764e-01  1.00000000e+00  2.20222931e-01
   1.13984557e-01]
 [-9.22985459e-02  7.32848998e-01  4.27300943e-01 -6.54647125e-02
   3.68629653e-01  7.52647149e-01  2.86006008e-01  3.48439468e-01
   4.12355840e-01  2.96808095e-01  2.95836220e-01  5.53352575e-01
   5.25279077e-01  3.74745191e-01  1.15013117e-01 -1.25284133e-01
   3.90256225e-01  4.96279779e-01  3.52814208e-01  6.23549798e-01
   2.35764754e-01  2.31848976e-01  1.28926083e-01  1.01608291e-01
  -3.54982932e-01  8.04735514e-01  2.63019660e-01  5.62178152e-01
   5.31695461e-01  3.18805110e-01 -4.27677696e-01  3.50447463e-01
   2.11253753e-01  6.29726500e-02 -7.63788843e-02  3.95390433e-01
   1.50611026e-01  1.48697817e-01  2.20222931e-01  1.00000000e+00
   6.83639205e-01]
 [-4.11192267e-02  5.22137365e-01  4.12608873e-01  1.97727567e-01
  -1.75376665e-03  8.02057757e-01  4.50373328e-01  2.50641273e-01
   3.07766162e-01  1.68144553e-01  4.26997276e-01  2.42086646e-01
   2.95720489e-01 -2.88111712e-03 -1.07236976e-01  1.22578838e-01
   1.67707354e-01  6.58149493e-01  3.69845148e-01  6.85907590e-01
   2.51123598e-01  4.91538148e-02  2.43900966e-01 -3.43832543e-02
  -3.86698477e-01  5.58161370e-01  3.52174617e-01  5.65060449e-01
   3.46258536e-01  1.35588281e-01 -1.16669810e-01  2.78757243e-01
  -2.29578195e-01  4.10076315e-01 -2.24561714e-01  7.17316669e-01
   2.82198262e-01  3.20711061e-01  1.13984557e-01  6.83639205e-01
   1.00000000e+00]]
metapath  bub_0.8.embedding numbers  97
metapath  bcab_0.8.embedding numbers  87
Load user embeddings finished.
Load rating finished.
train size :  504
test size :  127
MAE:  0.0  RMSE:  0.0
train_rate:  0.8
ratedim:  10  userdim:  10  itemdim:  10
max_steps:  100
delta:  0.02 beta_e:  0.1 beta_h:  0.1 beta_p:  2 beta_w:  0.1 beta_b 0.01 reg_u 1.0 reg_v 1.0
metapath  ubu_0.8.embedding numbers  41
metapath  ubcabu_0.8.embedding numbers  41
Load user embeddings finished.
[[ 1.00000000e+00 -4.06079920e-01  4.09992914e-01  2.75504727e-01
  -3.96484234e-02 -2.64643244e-03 -7.16479502e-02  1.83819729e-01
   2.96786549e-01  1.31671463e-01  2.01292618e-01 -1.23128386e-01
   1.36883104e-01 -6.30576220e-01 -1.21947236e-01  1.72207526e-01
  -1.71971256e-01 -2.83341810e-01 -1.61536303e-02  5.59686923e-01
   2.72824853e-02  4.43999238e-02  4.89357805e-01 -2.66655668e-01
   1.95314832e-01 -2.49098384e-01 -1.83745376e-01 -2.99513502e-01
   4.58221651e-01  2.44263055e-01  9.87703653e-02  1.02446960e-01
   2.24516568e-01 -2.42699570e-01  2.95335226e-01  2.42986962e-01
  -1.19338349e-01 -1.35654102e-01 -1.67819646e-01 -9.22985459e-02
  -4.11192267e-02]
 [-4.06079920e-01  1.00000000e+00  5.15856778e-01 -1.83505138e-01
   4.71492641e-01  6.99624324e-01  4.66290859e-01  4.38507390e-01
   5.30226463e-01  2.16473368e-01  4.04781006e-01  5.01265344e-01
   5.80179332e-01  6.11854723e-01  3.64146763e-01  2.08777109e-01
   3.50404247e-01  5.71963814e-01  4.74894473e-01  2.64396044e-01
   2.37836935e-01  2.03376779e-02  2.42340578e-01  3.98824640e-01
   2.05688837e-02  7.44842387e-01  2.56001226e-01  5.50349876e-01
   3.64062694e-01  1.64489049e-01 -4.97551068e-01  6.33143934e-01
   3.92657703e-01  4.62556830e-01  1.44280786e-01  2.05126790e-01
   3.54657546e-01 -1.12348762e-01  5.05411302e-01  7.32848998e-01
   5.22137365e-01]
 [ 4.09992914e-01  5.15856778e-01  1.00000000e+00  2.19468886e-01
   1.42182566e-01  4.65213236e-01  3.02890368e-01  5.54598384e-01
   7.04775277e-01  3.98530017e-01  3.74932648e-01  4.60066784e-03
   6.39547204e-01  1.32219511e-01  2.85530141e-01  5.41238474e-01
   2.32678359e-01  3.75033217e-01  2.37134179e-01  5.54549479e-01
   3.01498313e-01  1.21428642e-01  8.06035470e-01  3.73673132e-01
   2.33372346e-01  3.93011839e-01 -4.95664126e-02  2.69584249e-01
   6.48071117e-01  5.17487131e-01 -4.79009982e-01  6.84131768e-01
   5.11394296e-01  3.10990848e-01  1.07892362e-01  3.68674019e-01
   2.21353122e-01 -4.71080606e-01  2.08899811e-01  4.27300943e-01
   4.12608873e-01]
 [ 2.75504727e-01 -1.83505138e-01  2.19468886e-01  1.00000000e+00
  -1.53896737e-01 -3.73295869e-02  1.78803481e-01 -1.78361576e-01
   4.48095376e-01 -5.07363735e-02 -3.90145946e-02 -1.97267360e-01
   2.50449107e-01 -2.20140442e-01  3.51496705e-01  9.64075767e-03
   2.74869384e-02  4.77740395e-01  2.56363918e-01 -1.85943659e-03
   6.14964858e-01 -3.69300579e-04 -2.54139219e-02 -4.51944653e-01
   2.84138772e-01 -1.31836399e-02  2.65867841e-01  2.34198231e-01
   1.16688740e-01  6.55683715e-01  4.56985345e-01 -6.33128267e-02
   1.56437157e-01 -3.94276539e-01  8.02131451e-02  3.44758857e-02
   3.04580464e-01 -2.31961868e-01  3.14852196e-01 -6.54647125e-02
   1.97727567e-01]
 [-3.96484234e-02  4.71492641e-01  1.42182566e-01 -1.53896737e-01
   1.00000000e+00  3.31026206e-01 -7.92891665e-03 -2.50349042e-01
   5.15620354e-01  5.15928258e-01  2.52999265e-01  7.71376908e-01
   1.96858160e-01  1.84355527e-01  5.43724075e-01 -3.46038211e-01
  -2.94586412e-01  1.49426301e-01  2.65973148e-01  2.16658774e-01
  -1.12630908e-01 -1.38580913e-01  2.61544746e-01 -2.41971218e-01
   4.64932436e-02  3.70642686e-01  1.84307319e-01  4.83821298e-02
   4.67465201e-01  1.61648909e-01  1.47539096e-01  6.23832206e-01
   4.83154306e-01  1.00617453e-01  6.50450511e-01  1.59100073e-01
   2.26475025e-01 -9.71224090e-02  6.19800969e-01  3.68629653e-01
  -1.75376665e-03]
 [-2.64643244e-03  6.99624324e-01  4.65213236e-01 -3.73295869e-02
   3.31026206e-01  1.00000000e+00  3.47174579e-01  3.70339747e-01
   5.10266538e-01  1.82299659e-01  2.80964443e-01  4.39145674e-01
   4.90917565e-01  9.56979168e-03 -1.11272794e-01  2.60270500e-02
   8.43977426e-02  6.47316118e-01  2.34709589e-01  6.70609914e-01
   2.89007801e-01 -2.68004682e-01  3.46622765e-01 -7.16008776e-03
  -9.98977466e-02  5.62624494e-01  3.61860716e-01  3.79400527e-01
   4.26656245e-01  2.00572549e-01 -1.79252570e-01  5.02372531e-01
  -4.85679495e-02  5.05200436e-01  6.95464562e-03  5.77482950e-01
   4.80267017e-01  1.02008239e-01  2.71382673e-01  7.52647149e-01
   8.02057757e-01]
 [-7.16479502e-02  4.66290859e-01  3.02890368e-01  1.78803481e-01
  -7.92891665e-03  3.47174579e-01  1.00000000e+00  5.85767675e-01
   1.47509455e-01 -1.21020383e-01  4.86398022e-01  3.76565643e-01
   6.27404437e-01 -7.88174256e-02  7.72227051e-02  6.34678616e-01
   4.13293161e-01  4.52381742e-01  5.97396507e-01  1.83042888e-01
   1.32695152e-01 -1.99959230e-01 -5.40288967e-02  3.12983765e-01
   3.38607513e-01  6.13048126e-01 -7.68834929e-02  5.03732052e-01
   4.69696546e-01  5.99133438e-02 -2.49981494e-02  1.74627286e-01
   3.68532832e-01  2.26043844e-01  2.26254499e-01  1.70521109e-01
   4.30976292e-01  4.23525864e-01  8.13855068e-02  2.86006008e-01
   4.50373328e-01]
 [ 1.83819729e-01  4.38507390e-01  5.54598384e-01 -1.78361576e-01
  -2.50349042e-01  3.70339747e-01  5.85767675e-01  1.00000000e+00
   1.52897602e-01 -1.28456717e-01  2.93322258e-01 -5.60463948e-02
   6.13267896e-01  6.51145249e-02 -1.68273697e-01  6.66507028e-01
   6.84847905e-01  8.40137574e-02  2.46898641e-01  3.19823697e-01
   2.65072413e-01  1.52701510e-02  1.98339077e-01  6.87051414e-01
   3.73774297e-01  3.37359118e-01 -3.27897270e-01  3.47744936e-01
   3.53249016e-01  1.09833850e-02 -6.03511428e-01  1.09834666e-01
   3.56066223e-01  1.94211062e-01 -7.94243230e-02 -6.90359933e-02
   2.35144127e-01 -4.16893914e-03 -2.27371165e-01  3.48439468e-01
   2.50641273e-01]
 [ 2.96786549e-01  5.30226463e-01  7.04775277e-01  4.48095376e-01
   5.15620354e-01  5.10266538e-01  1.47509455e-01  1.52897602e-01
   1.00000000e+00  2.28519290e-01  3.78982814e-01  2.44683452e-01
   5.41629523e-01  1.97414271e-01  5.96238498e-01  7.21587157e-02
  -9.92429357e-03  4.76310901e-01  4.79817263e-01  3.78556881e-01
   5.49101028e-01  2.65444901e-02  5.12268916e-01 -1.99771220e-01
   3.15437910e-01  2.80810338e-01  4.27773550e-01  2.30099821e-01
   4.28742728e-01  5.85945309e-01 -9.86818422e-02  6.94093332e-01
   5.69201456e-01  6.58638429e-02  5.14358516e-01  2.00436313e-01
   3.34706142e-01 -5.79963353e-01  7.73639464e-01  4.12355840e-01
   3.07766162e-01]
 [ 1.31671463e-01  2.16473368e-01  3.98530017e-01 -5.07363735e-02
   5.15928258e-01  1.82299659e-01 -1.21020383e-01 -1.28456717e-01
   2.28519290e-01  1.00000000e+00  8.33561991e-02  1.89755426e-01
  -1.87520909e-02  2.07132666e-02  4.04040400e-01 -2.13864142e-01
   1.48847024e-02  5.39070791e-02 -8.49114147e-02  4.44735268e-01
  -4.80483321e-02  1.31160661e-01  5.78704355e-01  1.48756363e-01
  -1.22003165e-01  2.10002065e-01 -4.25618586e-01  3.29071778e-01
   5.81750041e-01  1.83818139e-01  6.96876206e-02  3.46664323e-01
   2.24426026e-01  1.22617164e-01 -4.65893854e-02  2.54548924e-01
   2.82257004e-01 -9.89554112e-02 -2.74163016e-02  2.96808095e-01
   1.68144553e-01]
 [ 2.01292618e-01  4.04781006e-01  3.74932648e-01 -3.90145946e-02
   2.52999265e-01  2.80964443e-01  4.86398022e-01  2.93322258e-01
   3.78982814e-01  8.33561991e-02  1.00000000e+00  3.19645022e-01
   9.85320965e-02  1.17938368e-01  3.45099561e-01  3.48121980e-01
   1.20841205e-01 -5.27307643e-02  8.44697711e-01  5.12116057e-01
  -2.61311490e-02  4.18986017e-01  2.71462289e-01  1.93802367e-02
  -1.21746764e-01  2.62855025e-01  1.56956460e-01  3.52443183e-01
   3.21663477e-01 -2.92736063e-01 -2.05108822e-01  3.80761162e-01
   3.58122009e-01  1.98278924e-01  5.17421210e-01  3.29186475e-01
  -1.23097812e-01  1.94057716e-01  3.72696528e-01  2.95836220e-01
   4.26997276e-01]
 [-1.23128386e-01  5.01265344e-01  4.60066784e-03 -1.97267360e-01
   7.71376908e-01  4.39145674e-01  3.76565643e-01 -5.60463948e-02
   2.44683452e-01  1.89755426e-01  3.19645022e-01  1.00000000e+00
   4.07043217e-01  7.45279567e-02  1.72952599e-01 -1.42017094e-01
  -1.87112614e-01  3.01874013e-01  3.61283115e-01  2.82496489e-01
  -3.04670329e-01 -2.12742305e-01 -3.40325948e-02 -2.06115384e-01
  -1.34826094e-01  7.14715125e-01  2.81300195e-01  8.47254128e-02
   5.57551194e-01  1.15728425e-01  7.75712556e-02  4.74712395e-01
   3.52677938e-01  1.10537981e-01  5.43819843e-01  3.67200550e-01
   1.08376237e-01  4.06254111e-01  3.99941504e-01  5.53352575e-01
   2.42086646e-01]
 [ 1.36883104e-01  5.80179332e-01  6.39547204e-01  2.50449107e-01
   1.96858160e-01  4.90917565e-01  6.27404437e-01  6.13267896e-01
   5.41629523e-01 -1.87520909e-02  9.85320965e-02  4.07043217e-01
   1.00000000e+00  9.73328835e-02  1.21563362e-01  4.89698181e-01
   3.21787411e-01  6.20168323e-01  2.56233383e-01  2.31856477e-01
   2.94883606e-01 -2.73804090e-01  2.28588621e-01  2.81717694e-01
   4.43006598e-01  7.25024414e-01  9.43763040e-02  2.32284861e-01
   6.57978564e-01  6.71791160e-01 -3.13148071e-01  4.97534704e-01
   6.05158637e-01  9.76163130e-02  2.22335606e-01  1.63838057e-01
   3.90767323e-01 -1.47602456e-01  2.44650508e-01  5.25279077e-01
